LogReg_1	LogReg_2	LogReg_3	LogReg_4	LogReg_5	LogReg_6	LogReg_7	LogReg_8	LogReg_9	LogReg_10
AucROC	AucROC	AucROC	AucROC	AucROC	AucROC	AucROC	AucROC	AucROC	AucROC
0.6265429720708385	0.6338814017378542	0.6359904404592516	0.6209102705218037	0.6331095763942954	0.6439223871781793	0.6357064059885277	0.6416824426308237	0.656452827965553	0.6467319667045498
0.0007739294558363712	0.000645461659289318	0.0007169781237818077	0.0005898549445408593	0.0007477949598487243	0.0007243004942104259	0.0007115224216505979	0.000741183711007711	0.0006888321510060986	0.0006713468435961005
7.739294558363711e-05	6.45461659289318e-05	7.169781237818077e-05	5.898549445408593e-05	7.477949598487243e-05	7.24300494210426e-05	7.115224216505979e-05	7.41183711007711e-05	6.888321510060986e-05	6.713468435961005e-05
AucPRc	AucPRc	AucPRc	AucPRc	AucPRc	AucPRc	AucPRc	AucPRc	AucPRc	AucPRc
0.6316939961470385	0.6443925870211838	0.6348345367426304	0.6257079305350082	0.6308185562742499	0.6323803899921862	0.6353111005998396	0.639542560926531	0.6621625743327728	0.6476808112606856
0.0008254015683181533	0.0008107416522261251	0.0007425915160775761	0.0006987109450116858	0.0008201180437154813	0.0008743319130601919	0.0010044507403789756	0.0007665803440853022	0.0008792181558996981	0.000734815506014117
8.254015683181534e-05	8.107416522261252e-05	7.42591516077576e-05	6.987109450116858e-05	8.201180437154813e-05	8.743319130601919e-05	0.00010044507403789756	7.665803440853022e-05	8.79218155899698e-05	7.34815506014117e-05
Accuracy	Accuracy	Accuracy	Accuracy	Accuracy	Accuracy	Accuracy	Accuracy	Accuracy	Accuracy
0.5411571675302246	0.521545768566494	0.5329145077720208	0.5162176165803108	0.5321804835924007	0.5439982728842833	0.5094127806563041	0.532754749568221	0.5311485319516408	0.5351856649395509
0.0008804056011007219	0.0008066296067473883	0.0008004929821492482	0.0004541690429120584	0.0009508062221934732	0.0011658031088082972	0.00017271157167528806	0.0008807020125853324	0.001179349430470893	0.0011431872081899925
8.804056011007219e-05	8.066296067473884e-05	8.004929821492482e-05	4.541690429120584e-05	9.508062221934731e-05	0.00011658031088082972	1.7271157167528806e-05	8.807020125853324e-05	0.0001179349430470893	0.00011431872081899926
F1	F1	F1	F1	F1	F1	F1	F1	F1	F1
0.6729189279805903	0.6702081410316991	0.672178138508263	0.6682454159599739	0.6693765677069357	0.6708905208285024	0.6693440519065443	0.6745306268790198	0.672962793290651	0.6684263531021335
0.0005222785495610494	0.000510237740425085	0.0003979229146148096	0.000505488562637125	0.000291697643432747	0.0006182217864285401	7.790317177684968e-05	0.0005741102954597133	0.0008749761448209754	0.0007253311909236813
5.2227854956104935e-05	5.1023774042508504e-05	3.979229146148096e-05	5.0548856263712506e-05	2.9169764343274703e-05	6.182217864285401e-05	7.790317177684968e-06	5.741102954597133e-05	8.749761448209754e-05	7.253311909236813e-05
Precision	Precision	Precision	Precision	Precision	Precision	Precision	Precision	Precision	Precision
0.5227935826835154	0.511331046190682	0.5177956212947187	0.5084619965473652	0.5175869660392542	0.5248430011370759	0.5047844945317036	0.5175048222520381	0.5166816619897661	0.5195082959247762
0.0005065728371921488	0.0004347231194585706	0.0004493034763196604	0.00023465284796465025	0.000559479697017971	0.000692892575988352	8.860531762886482e-05	0.00047873633715448977	0.0006399833452766571	0.0006534501054667465
5.0657283719214876e-05	4.3472311945857064e-05	4.493034763196604e-05	2.3465284796465026e-05	5.59479697017971e-05	6.92892575988352e-05	8.860531762886481e-06	4.787363371544898e-05	6.39983345276657e-05	6.534501054667465e-05
TPR	TPR	TPR	TPR	TPR	TPR	TPR	TPR	TPR	TPR
0.943998272884283	0.9723229706390328	0.9577288428324698	0.97447322970639	0.947141623488774	0.929559585492228	0.9930915371329878	0.9683592400690845	0.9647841105354058	0.9370293609671847
0.0010948810304927388	0.001617298860131956	0.0006840664731327551	0.0016444826416120936	0.001409981349062079	0.0011276293412242383	1.1102230246251565e-16	0.001161926645357803	0.002230521637903185	0.0016324669980541733
0.00010948810304927387	0.0001617298860131956	6.840664731327551e-05	0.00016444826416120935	0.0001409981349062079	0.00011276293412242384	1.1102230246251566e-17	0.0001161926645357803	0.00022305216379031853	0.00016324669980541734
FPR	FPR	FPR	FPR	FPR	FPR	FPR	FPR	FPR	FPR
0.8616839378238342	0.9292314335060449	0.8918998272884282	0.9420379965457686	0.8827806563039722	0.8415630397236613	0.97426597582038	0.9028497409326427	0.9024870466321243	0.8666580310880829
0.0019427365003255612	0.0023407834487788924	0.001788127868055689	0.0014669303880888464	0.003112691874792869	0.0026177485607143964	0.0003454231433505761	0.0016678072466172601	0.0026126871291676213	0.0025474078612537465
0.00019427365003255612	0.00023407834487788924	0.0001788127868055689	0.00014669303880888464	0.0003112691874792869	0.00026177485607143964	3.454231433505761e-05	0.00016678072466172602	0.00026126871291676213	0.00025474078612537464
FNR	FNR	FNR	FNR	FNR	FNR	FNR	FNR	FNR	FNR
0.05600172711571675	0.02767702936096718	0.04227115716753023	0.025526770293609665	0.05285837651122626	0.07044041450777201	0.0069084628670120895	0.03164075993091537	0.03521588946459413	0.0629706390328152
0.001094881030492744	0.0016172988601319553	0.0006840664731327647	0.0016444826416121088	0.001409981349062068	0.0011276293412242327	0.0	0.0011619266453578012	0.0022305216379031926	0.0016324669980541757
0.0001094881030492744	0.00016172988601319553	6.840664731327648e-05	0.00016444826416121087	0.0001409981349062068	0.00011276293412242327	0.0	0.00011619266453578012	0.00022305216379031926	0.00016324669980541758
TP	TP	TP	TP	TP	TP	TP	TP	TP	TP
1093.15	1125.95	1109.05	1128.44	1096.79	1076.43	1150.0	1121.36	1117.22	1085.08
1.2678722333105967	1.8728320800328042	0.7921489758877431	1.9043108989868225	1.632758402213873	1.3057947771376637	0.0	1.345511055324333	2.582944056691898	1.8903967837467348
0.12678722333105968	0.1872832080032804	0.07921489758877431	0.19043108989868224	0.1632758402213873	0.13057947771376638	0.0	0.1345511055324333	0.2582944056691898	0.18903967837467348
TN	TN	TN	TN	TN	TN	TN	TN	TN	TN
160.17	81.95	125.18	67.12	135.74	183.47	29.8	112.5	112.92	154.41
2.249688867376998	2.71062723368596	2.0706520712084875	1.6987053894068864	3.604497191010142	3.031352833307268	0.39999999999999997	1.9313207915827966	3.0254916955761093	2.9498983033318287
0.22496888673769982	0.271062723368596	0.20706520712084875	0.16987053894068865	0.3604497191010142	0.3031352833307268	0.039999999999999994	0.19313207915827965	0.3025491695576109	0.2949898303331829
FP	FP	FP	FP	FP	FP	FP	FP	FP	FP
997.83	1076.05	1032.82	1090.88	1022.26	974.53	1128.2	1045.5	1045.08	1003.59
2.2496888673769977	2.7106272336859596	2.070652071208488	1.6987053894068858	3.604497191010142	3.031352833307268	0.4	1.9313207915827966	3.025491695576109	2.9498983033318287
0.22496888673769977	0.27106272336859594	0.2070652071208488	0.16987053894068857	0.3604497191010142	0.3031352833307268	0.04	0.19313207915827965	0.3025491695576109	0.2949898303331829
FN	FN	FN	FN	FN	FN	FN	FN	FN	FN
64.85	32.05	48.95	29.56	61.21	81.57	8.0	36.64	40.78	72.92
1.2678722333105965	1.8728320800328042	0.7921489758877429	1.9043108989868225	1.6327584022138733	1.3057947771376632	0.0	1.3455110553243332	2.582944056691898	1.8903967837467348
0.12678722333105966	0.1872832080032804	0.07921489758877429	0.19043108989868224	0.16327584022138733	0.13057947771376632	0.0	0.13455110553243332	0.2582944056691898	0.18903967837467348
